H|070316|996
32||NADIAD|||||||||00059||365|||||||
34||VALSAD|||||||||00059||399|||||||
47||TUTICORIN|||||||||00059||2447|||||||
50||RAJAPALAYAM|||||||||00059||1248|||||||
69||KAKINADA|||||||||00059||2465|||||||
70||VIZIANAGARAM|||||||||00059||2307|||||||
71||CUDDALORE|||||||||00059||1085|||||||
72||WARDHA|||||||||00059||1995|||||||
74||JUNAGARH|||||||||00059||348|||||||
75||BANSWARA|||||||||00059||937|||||||
77||NANGAL|||||||||00059||901|||||||
83||PARBHANI|||||||||00059||1937|||||||
84||GUNA|||||||||00059||1735|||||||
85||MOGA|||||||||00059||898|||||||
86||KORBA|||||||||00059||271|||||||
87||KHARAGPUR|||||||||00059||2276|||||||
90||SHIMOGA|||||||||00059||761|||||||
92||VILLUPPURAM|||||||||00059||1318|||||||
93||CHIDAMBARAM|||||||||00059||2562|||||||
94||SANGRUR|||||||||00059||919|||||||
97||KUMBAKONAM|||||||||00059||2330|||||||
102||DHARMAPURI|||||||||00059||1089|||||||
104||KARNAL|||||||||00059||433|||||||
105||KURUKSHETRA|||||||||00059||434|||||||
107||SATARA|||||||||00059||1964|||||||
108||REWARI|||||||||00059||454|||||||
109||SONEPAT|||||||||00059||459|||||||
114||BHIMAVARAM|||||||||00059||2491|||||||
115||PATHANKOT|||||||||00059||903|||||||
118||NEYVELI|||||||||00059||2561|||||||
119||BODELI|||||||||00059||320|||||||
120||SRIKAKULAM|||||||||00059||76|||||||
121||ITARSI|||||||||00059||2543|||||||
124||BARSHI|||||||||00059||1970|||||||
125||LATUR|||||||||00059||1898|||||||
126||PANDHARPUR|||||||||00059||2538|||||||
127||PATHANAMTHITTA|||||||||00059||832|||||||
128||UJJAIN|||||||||00059||1823|||||||
129||RATLAM|||||||||00059||1797|||||||
130||MANDSAUR|||||||||00059||1765|||||||
131||NEEMUCH|||||||||00059||1784|||||||
133||CHINDWARA|||||||||00059||1718|||||||
137||GANDHIDHAM|||||||||00059||2379|||||||
138||TUMKUR|||||||||00059||780|||||||
139||MANCHERIAL|||||||||00059||2548|||||||
141||KHAMMAM|||||||||00059||56|||||||
142||BULANDSHAHR|||||||||00059||1409|||||||
143||SIVAKASI|||||||||00059||1164|||||||
145||ROHATAK|||||||||00059||455|||||||
146||MAHABUBNAGAR|||||||||00059||61|||||||
147||SIRSA|||||||||00059||457|||||||
148||MATHURA|||||||||00059||1545|||||||
149||NARAYANGAON|||||||||00059||2536|||||||
150||TIRUPUR|||||||||00059||1084|||||||
151||MALEGAON|||||||||00059||1903|||||||
153||NALGONDA|||||||||00059||63|||||||
154||MEERUT|||||||||00059||1547|||||||
155||MANDI|||||||||00059||483|||||||
156||NIZAMABAD|||||||||00059||66|||||||
157||BIKANER|||||||||00059||947|||||||
158||GUDIVADA|||||||||00059||2553|||||||
159||ONGOLE|||||||||00059||2450|||||||
162||ANANTPUR|||||||||00059||26|||||||
163||CHHATARPUR|||||||||00059||1717|||||||
164||HARDWAR|||||||||00059||2321|||||||
165||ANAKAPALLI|||||||||00059||2554|||||||
166||NANDED|||||||||00059||1923|||||||
167||CHITTOOR|||||||||00059||32|||||||
168||BARAMATI|||||||||00059||2393|||||||
170||RAJNANDGAON|||||||||00059||279|||||||
171||GANDHINAGAR|||||||||00059||339|||||||
173||ALIBAG|||||||||00059||1831|||||||
174||FARIDABAD|||||||||00059||418|||||||
177||NOIDA|||||||||00059||2309|||||||
178||CUDDAPAH|||||||||00059||33|||||||
179||VAPI|||||||||00059||400|||||||
182||YAVATMAL|||||||||00059||1997|||||||
183||PALWAL|||||||||00059||444|||||||
185||BELLARY|||||||||00059||635|||||||
188||KAITHAL|||||||||00059||430|||||||
189||RANCHI|||||||||00059||601|||||||
192||SUMERPUR|||||||||00059||2532|||||||
193||NARNAUL|||||||||00059||439|||||||
194||JHANSI|||||||||00059||1486|||||||
195||AMBIKAPUR|||||||||00059||244|||||||
196||CHIPLUN|||||||||00059||2540|||||||
197||BUDAUN|||||||||00059||1365|||||||
198||FIROZABAD|||||||||00059||1440|||||||
199||PALANPUR|||||||||00059||371|||||||
200||PATAN|||||||||00059||358|||||||
201||REWA|||||||||00059||1798|||||||
202||BEED|||||||||00059||1838|||||||
203||AMRELI|||||||||00059||312|||||||
204||GULBARGA|||||||||00059||670|||||||
205||BIJAPUR|||||||||00059||640|||||||
206||FARUKHABAD|||||||||00059||1435|||||||
207||LAKHIMPUR|||||||||00059||2531|||||||
208||BARABANKI|||||||||00059||1380|||||||
209||KARAD|||||||||00059||2539|||||||
210||KUDAL|||||||||00059||1827|||||||
211||CHITRAKOOT|||||||||00059||1415|||||||
212||RAEBAREILLY|||||||||00059||1589|||||||
213||GONDA|||||||||00059||1454|||||||
214||SHAHJAHANPUR|||||||||00059||1622|||||||
215||CUTTACK|||||||||00059||2065|||||||
216||BERHAMPUR|||||||||00059||2494|||||||
217||ANGUL|||||||||00059||2049|||||||
218||PURI|||||||||00059||2106|||||||
219||NAYAGARH|||||||||00059||2098|||||||
220||KENDRAPADA|||||||||00059||2574|||||||
221||BARIPADA|||||||||00059||2055|||||||
222||BHADRAK|||||||||00059||2059|||||||
223||KARAIKKAL|||||||||00059||1276|||||||
224||RAIGARH|||||||||00059||278|||||||
225||BARAN|||||||||00059||938|||||||
226||JHALAWAR|||||||||00059||972|||||||
227||SANGAREDDY|||||||||00059||2547|||||||
228||BANKURA|||||||||00059||2218|||||||
229||PALAMPUR|||||||||00059||490|||||||
230||KANGRA|||||||||00059||480|||||||
231||FEROZPUR|||||||||00059||2148|||||||
233||SAWAIMADHOPUR|||||||||00059||1032|||||||
234||SIKAR|||||||||00059||1028|||||||
236||KHANDWA|||||||||00059||1754|||||||
237||DHAMNOD|||||||||00059||1726|||||||
238||BARELI|||||||||00059||2544|||||||
239||BIAORA|||||||||00059||880|||||||
240||TIKAMGARH|||||||||00059||1820|||||||
241||MORADABAD|||||||||00059||1558|||||||
242||SAHARANPUR|||||||||00059||1602|||||||
243||VIDISHA|||||||||00059||1826|||||||
244||BERHAMPORE|||||||||00059||2223|||||||
245||BURDWAN|||||||||00059||2570|||||||
246||ASANSOL|||||||||00059||2220|||||||
247||SIURI|||||||||00059||2301|||||||
248||RAICHUR|||||||||00059||751|||||||
250||CHITRADURGA|||||||||00059||658|||||||
251||TIRUPATTUR|||||||||00059||2390|||||||
252||THIRUVANAMALAI|||||||||00059||2560|||||||
253||KASARGOD|||||||||00059||2567|||||||
254||KEONJHAR|||||||||00059||2575|||||||
255||BULDHANA|||||||||00059||1846|||||||
256||ATHANI|||||||||00059||1066|||||||
257||CHIKODI|||||||||00059||654|||||||
258||BAGALKOT|||||||||00059||624|||||||
259||GOKAK|||||||||00059||2523|||||||
260||SAUNDATTI|||||||||00059||2521|||||||
261||RAIBAG|||||||||00059||2524|||||||
262||RAMDURG|||||||||00059||612|||||||
263||JAMKHANDI|||||||||00059||695|||||||
264||PERINTHALMANNA|||||||||00059||833|||||||
265||BOKARO|||||||||00059||552|||||||
267||AMROHA|||||||||00059||2352|||||||
268||SITAPUR|||||||||00059||1638|||||||
269||HARDOI|||||||||00059||1465|||||||
270||FAIZABAD|||||||||00059||1433|||||||
271||KANCHIPURAM|||||||||00059||2566|||||||
272||CHENGALPATTU|||||||||00059||2383|||||||
273||THIRUVALLUR|||||||||00059||1289|||||||
275||SAMBALPUR|||||||||00059||2112|||||||
276||PRATAPGARH|||||||||00059||1583|||||||
277||MIRZAPUR|||||||||00059||1552|||||||
278||ROORKEE|||||||||00059||2193|||||||
279||BIJNOR|||||||||00059||1397|||||||
280||AKBARPUR|||||||||00059||1342|||||||
281||UNNAO|||||||||00059||1657|||||||
282||FATEHPUR|||||||||00059||1438|||||||
283||BAHRAICH|||||||||00059||1370|||||||
284||BASTI|||||||||00059||1387|||||||
285||DEORIA|||||||||00059||1424|||||||
286||MANDYA|||||||||00059||731|||||||
287||MADEKERI|||||||||00059||726|||||||
288||ADONI|||||||||00059||2551|||||||
289||NANDYAL|||||||||00059||2552|||||||
290||HINDUPUR|||||||||00059||45|||||||
291||GADWAL|||||||||00059||2527|||||||
292||NAGAUR|||||||||00059||1003|||||||
293||SRIGANGANAGAR|||||||||00059||965|||||||
294||HANUMANGARH|||||||||00059||967|||||||
295||ABOHAR|||||||||00059||2322|||||||
296||DHULE|||||||||00059||1857|||||||
297||SINDHANUR|||||||||00059||2557|||||||
299||PURULIA|||||||||00059||2286|||||||
301||BILASPUR|||||||||00059||470|||||||
302||THANE|||||||||00059||1981|||||||
303||GURGAON|||||||||00059||422|||||||
304||GHAZIABAD|||||||||00059||1449|||||||
305||SAGAR|||||||||00059||1799|||||||
306||ALIGARH|||||||||00059||1344|||||||
307||ALLAHABAD|||||||||00059||1583|||||||
308||HOSPET|||||||||00059||2342|||||||
309||WARANGAL|||||||||00059||84|||||||
310||KANNUR|||||||||00059||699|||||||
311||BALASORE|||||||||00059||2526|||||||
312||GUWAHATI|||||||||00059||126|||||||
313||MALDA|||||||||00059||2444|||||||
314||GORAKHPUR|||||||||00059||1457|||||||
315||DAVANGERE|||||||||00059||2556|||||||
316||BAREILLY|||||||||00059||1383|||||||
317||VARANASI|||||||||00059||1661|||||||
318||HYDERABAD|||||||||00059||47|||||||
319||DELHI|||||||||00059||11|||||||
320||PUNE|||||||||00059||1948|||||||
321||CHENNAI|||||||||00059||14|||||||
322||BANGALORE|||||||||00059||13|||||||
323||MUMBAI|||||||||00059||12|||||||
324||NAGPUR|||||||||00059||1921|||||||
325||NASIK|||||||||00059||1927|||||||
326||VAIZAG|||||||||00059||81|||||||
327||VIJAYAWADA|||||||||00059||2307|||||||
328||KOLKATA|||||||||00059||15|||||||
329||GOA|||||||||00059||2454|||||||
330||MADURAI|||||||||00059||1164|||||||
331||BARODA|||||||||00059||2376|||||||
332||TRIVANDRUM|||||||||00059||846|||||||
333||COCHIN|||||||||00059||16|||||||
334||RAJKOT|||||||||00059||374|||||||
335||AURANGABAD|||||||||00059||2211|||||||
336||AHMEDABAD|||||||||00059||310|||||||
337||JAIPUR|||||||||00059||969|||||||
338||COIMBATORE|||||||||00059||1084|||||||
339||MANGALORE|||||||||00059||732|||||||
340||BHUBANESWAR|||||||||00059||2422|||||||
341||CHANDIGARH|||||||||00059||242|||||||
342||INDORE|||||||||00059||1744|||||||
343||LUDHIANA|||||||||00059||889|||||||
344||KOLHAPUR|||||||||00059||1892|||||||
345||AGRA|||||||||00059||1339|||||||
346||VELLORE|||||||||00059||1308|||||||
347||DINDIGUL|||||||||00059||1090|||||||
348||KARUR|||||||||00059||1164|||||||
349||JABALPUR|||||||||00059||1745|||||||
350||GWALIOR|||||||||00059||1737|||||||
351||RAJAHMUNDRY|||||||||00059||38|||||||
352||NELLORE|||||||||00059||65|||||||
353||JAMNAGAR|||||||||00059||347|||||||
354||SHIMLA|||||||||00059||499|||||||
355||AMRAVATI|||||||||00059||2388|||||||
356||KOPERGAON|||||||||00059||2541|||||||
357||ALWAR|||||||||00059||930|||||||
358||AJMER|||||||||00059||928|||||||
359||KURNOOL|||||||||00059||58|||||||
360||BHATINDA|||||||||00059||2134|||||||
361||AKOLA|||||||||00059||1830|||||||
362||AMRITSAR|||||||||00059||2127|||||||
363||THANJAVUR|||||||||00059||1276|||||||
364||MEHSANA|||||||||00059||358|||||||
365||DURGAPUR|||||||||00059||2238|||||||
366||BHAVNAGAR|||||||||00059||317|||||||
367||HIMATNAGAR|||||||||00059||343|||||||
368||JODHPUR|||||||||00059||975|||||||
369||MYSORE|||||||||00059||742|||||||
370||JAGADHARI|||||||||00059||2528|||||||
371||JAMSHEDPUR|||||||||00059||574|||||||
372||KARAIKUDI|||||||||00059||1308|||||||
373||PANIPAT|||||||||00059||446|||||||
374||BHILWARA|||||||||00059||944|||||||
375||SILIGURI|||||||||00059||2464|||||||
376||KOTA|||||||||00059||985|||||||
377||HASSAN|||||||||00059||677|||||||
378||SANGLI|||||||||00059||1960|||||||
379||POLLACHI|||||||||00059||1084|||||||
380||ROURKELA|||||||||00059||2115|||||||
381||HUBLI|||||||||00059||690|||||||
382||HISSAR|||||||||00059||425|||||||
383||DEHRADUN|||||||||00059||1682|||||||
384||NAGERCOIL|||||||||00059||1125|||||||
385||BELGAUM|||||||||00059||612|||||||
386||KARIMNAGAR|||||||||00059||55|||||||
387||ELURU|||||||||00059||2344|||||||
388||SURAT|||||||||00059||387|||||||
389||ERODE|||||||||00059||1095|||||||
390||BHOPAL|||||||||00059||879|||||||
391||ANAND|||||||||00059||313|||||||
392||NAVSARI|||||||||00059||367|||||||
393||CHANDRAPUR|||||||||00059||1848|||||||
394||TRICHUR|||||||||00059||844|||||||
395||BHILAI|||||||||00059||2374|||||||
396||JALANDHAR|||||||||00059||2158|||||||
397||PATIALA|||||||||00059||904|||||||
398||AMBALA|||||||||00059||409|||||||
399||AHMEDNAGAR|||||||||00059||1827|||||||
400||TIRUPATI|||||||||00059||2550|||||||
401||GUNTUR|||||||||00059||44|||||||
402||KOLLAM|||||||||00059||810|||||||
403||JALGAON|||||||||00059||1873|||||||
404||TIRUNELVELI|||||||||00059||1288|||||||
405||TIRUCHIRAPALLY|||||||||00059||1287|||||||
406||CALICUT|||||||||00059||2568|||||||
407||KOTTAYAM|||||||||00059||16|||||||
408||PALGHAT|||||||||00059||827|||||||
409||SOLAPUR|||||||||00059||1970|||||||
410||RAIPUR|||||||||00059||2186|||||||
411||UDAIPUR|||||||||00059||1036|||||||
412||LUCKNOW|||||||||00059||1528|||||||
413||KANPUR|||||||||00059||1497|||||||
414||PONDICHERRY|||||||||00059||2120|||||||
415||SALEM|||||||||00059||1253|||||||
416||BHARUCH|||||||||00059||316|||||||
417||RAMNATHPURAM|||||||||00059||1249|||||||
418||DHANBAD|||||||||00059||562|||||||
419||HOSHIARPUR|||||||||00059||2155|||||||
420||UDIPI|||||||||00059||782|||||||
421||CHIKMAGALUR|||||||||00059||650|||||||
423||KUNDAPUR|||||||||00059||732|||||||
424||ANKLESHWAR|||||||||00059||387|||||||
425||HALOL|||||||||00059||341|||||||
427||JALNA|||||||||00059||2211|||||||
428||PAITHAN|||||||||00059||2211|||||||
430||PATNA|||||||||00059||225|||||||
431||JAISINGPUR|||||||||00059||1892|||||||
432||ALLEPY|||||||||00059||16|||||||
433||THRISSUR|||||||||00059||16|||||||
434||NANDURBAR|||||||||00059||1926|||||||
435||CHOPDA|||||||||00059||2600|||||||
436||CHALISGAON|||||||||00059||2599|||||||
437||BHIWANDI|||||||||00059||1842|||||||
438||JAMMU|||||||||00059||519|||||||
439||KANNAD|||||||||00059||1882|||||||
440||SANGAMNER|||||||||00059||1959|||||||
441||SHRIRAMPUR|||||||||00059||2406|||||||
442||RAHURI|||||||||00059||1952|||||||
443||MANMAD|||||||||00059||1907|||||||
444||SHAHADA|||||||||00059||1964|||||||
445||SHIRPUR|||||||||00059||2610|||||||
446||VITA|||||||||00059||1828|||||||
447||PHALTAN|||||||||00059||1944|||||||
448||SANGOLA|||||||||00059||1961|||||||
449||PACHORA|||||||||00059||1873|||||||
450||DONDAICHA|||||||||00059||2601|||||||
451||AMALNER|||||||||00059||1832|||||||
452||TASGAON|||||||||00059||2613|||||||
453||DAUND|||||||||00059||1853|||||||
454||AKLUJ|||||||||00059||2598|||||||
455||NANDGAON|||||||||00059||1924|||||||
456||TALODE|||||||||00059||1926|||||||
457||ERANDOL|||||||||00059||1860|||||||
458||ISLAMPUR|||||||||00059||2539|||||||
459||INDAPUR|||||||||00059||1872|||||||
460||KURUDWADI|||||||||00059||2604|||||||
461||PAROLA|||||||||00059||1873|||||||
462||SAKRI|||||||||00059||1926|||||||
463||YAWAL|||||||||00059||2615|||||||
464||KOREGAON|||||||||00059||1960|||||||
465||SASVAD|||||||||00059||2608|||||||
466||MOHOL|||||||||00059||2605|||||||
467||TARNAKA|||||||||00059||47|||||||
468||RAJAJI NAGAR|||||||||00059||13|||||||
469||MADIVALA|||||||||00059||13|||||||
470||VASHI|||||||||00059||2310|||||||
471||CHINCHWAD|||||||||00059||1948|||||||
472||HOSUR|||||||||00059||2324|||||||
473||THANE MINI BRANCH|||||||||00059||1981|||||||
474||PALI|||||||||00059||975|||||||
475||BALOTRA|||||||||00059||975|||||||
476||DHAR|||||||||00059||1744|||||||
477||KISHANGARH|||||||||00059||969|||||||
478||KHAMGAON|||||||||00059||1846|||||||
479||MALKAPUR|||||||||00059||1904|||||||
480||MEHKAR|||||||||00059||2617|||||||
481||CHIKHLI|||||||||00059||2618|||||||
482||WARUD|||||||||00059||2619|||||||
483||WASHIM|||||||||00059||1996|||||||
484||PIMPALGAON|||||||||00059||1927|||||||
485||AKOT|||||||||00059||1830|||||||
486||MORSHI|||||||||00059||1913|||||||
487||KARANZA GHADGE|||||||||00059||2620|||||||
488||NARKHED|||||||||00059||2621|||||||
489||KATOL|||||||||00059||2626|||||||
490||PUSAD|||||||||00059||1950|||||||
491||RISOD|||||||||00059||1957|||||||
492||HINGOLI|||||||||00059||1869|||||||
493||KARANJA LAD|||||||||00059||1883|||||||
494||KALWAN|||||||||00059||2623|||||||
495||LASALGAON|||||||||00059||1897|||||||
496||SATANA|||||||||00059||1963|||||||
497||SINNAR|||||||||00059||1975|||||||
498||DAPOLI|||||||||00059||2624|||||||
499||DEORUKH|||||||||00059||2625|||||||
500||KHED|||||||||00059||1887|||||||
501||ANJANGAON|||||||||00059||1834|||||||
502||DARYAPUR|||||||||00059||2627|||||||
503||MURTAZAPUR|||||||||00059||2628|||||||
504||TELHARA|||||||||00059||1980|||||||
505||ARVI|||||||||00059||1835|||||||
506||BUTIBORI|||||||||00059||2629|||||||
507||HINGHANGHAT|||||||||00059||1868|||||||
508||PULGAON|||||||||00059||1947|||||||
509||DHARWAD|||||||||00059||662|||||||
510||MARGAO|||||||||00059||2454|||||||
511||MAPUSA|||||||||00059||2454|||||||
512||LONAND|||||||||00059||2632|||||||
513||LAJPAT NAGAR|||||||||00059||11|||||||
514||ANDHERI|||||||||00059||12|||||||
515||KUKATPALLY|||||||||00059||47|||||||
516||DILSHUK NGR|||||||||00059||47|||||||
517||PUTTUR|||||||||00059||732|||||||
518||KARKALA|||||||||00059||732|||||||
519||KUNDAPURA|||||||||00059||732|||||||
520||KARWAR|||||||||00059||700|||||||
521||PEN|||||||||00059||1943|||||||
522||BHANDARA|||||||||00059||1841|||||||
523||KADI|||||||||00059||2362|||||||
524||UMRETH|||||||||00059||394|||||||
525||RAMTEK|||||||||00059||1954|||||||
526||TUMSAR|||||||||00059||1985|||||||
527||VISNAGAR|||||||||00059||406|||||||
528||VIJAPUR|||||||||00059||404|||||||
529||IDAR|||||||||00059||2436|||||||
530||MANSA|||||||||00059||2362|||||||
531||SANAND|||||||||00059||2365|||||||
533||PATAN GJ|||||||||00059||371|||||||
534||KARJAT|||||||||00059||1884|||||||
535||JAMNER|||||||||00059||2660|||||||
536||WANI|||||||||00059||2663|||||||
537||RAJGURUNAGAR|||||||||00059||2667|||||||
538||CHIKHLI GJ|||||||||00059||327|||||||
539||BARDOLI|||||||||00059||320|||||||
540||BORSAD|||||||||00059||320|||||||
541||DABHOI|||||||||00059||2645|||||||
542||DAHOD|||||||||00059||2654|||||||
543||KAMPTEE|||||||||00059||2658|||||||
544||UMRED|||||||||00059||2659|||||||
545||VARANGAON|||||||||00059||2661|||||||
546||RAVER|||||||||00059||1956|||||||
547||SILLOD|||||||||00059||1972|||||||
548||BODVAD|||||||||00059||2662|||||||
549||KHOPOLI|||||||||00059||1943|||||||
550||ROHA|||||||||00059||1943|||||||
551||TALEGAON DABHADE|||||||||00059||2668|||||||
552||SHIKRAPUR|||||||||00059||2669|||||||
553||SHIRUR|||||||||00059||1968|||||||
554||WARORA|||||||||00059||2664|||||||
555||PANDHARAKWADA|||||||||00059||2665|||||||
556||BHADRAVATI|||||||||00059||1839|||||||
557||GHUGUS|||||||||00059||2666|||||||
558||MANDVI|||||||||00059||2638|||||||
559||VYARA|||||||||00059||407|||||||
560||KAMREJ|||||||||00059||2639|||||||
561||SACHIN|||||||||00059||380|||||||
562||KHAMBHAT|||||||||00059||2500|||||||
563||KHEDA|||||||||00059||2641|||||||
564||PADRA|||||||||00059||370|||||||
565||KANJARI|||||||||00059||2642|||||||
566||ATUL|||||||||00059||2634|||||||
567||VIJALPORE|||||||||00059||2635|||||||
568||VANSDA|||||||||00059||2636|||||||
569||DHARAMPUR|||||||||00059||333|||||||
570||SINOR|||||||||00059||2646|||||||
571||RAJPIPLA|||||||||00059||375|||||||
572||KARJAN|||||||||00059||2647|||||||
573||SANKHEDA|||||||||00059||2648|||||||
574||JHALOD|||||||||00059||2655|||||||
575||DEVGADH BARIA|||||||||00059||2656|||||||
576||SANTRAMPUR|||||||||00059||382|||||||
577||LIMKHEDA|||||||||00059||2657|||||||
578||BALASINOR|||||||||00059||2643|||||||
579||KAPADWANJ|||||||||00059||2644|||||||
580||MODASA|||||||||00059||2649|||||||
581||DEESA|||||||||00059||2650|||||||
582||UNJHA|||||||||00059||395|||||||
583||SIDDPUR|||||||||00059||2651|||||||
584||VIRAMGAM|||||||||00059||2652|||||||
585||DAHEGAM|||||||||00059||2653|||||||
586||ADAYAR|||||||||00059||14|||||||
587||SAHAKARNAGAR|||||||||00059||13|||||||
588||FATIMA NAGAR|||||||||00059||1948|||||||
589||DADAR|||||||||00059||12|||||||
590||KRISHNAGIRI|||||||||00059||1153|||||||
591||KOZHIKODE|||||||||00059||2568|||||||
592||SRINAGAR|||||||||00059||1948|||||||
593||KALMESHWAR|||||||||00059||1921|||||||
594||HOSHANGABAD|||||||||00059||1743|||||||
596||BINA|||||||||00059||879|||||||
597||TAMBRAM|||||||||00059||14|||||||
598||ANNANAGAR|||||||||00059||14|||||||

595||UDGIR|||||||||59||2682|||||||
599||WAI|||||||||59||1994|||||||
600||SHIRVAL|||||||||59||2679|||||||
601||MEDHA|||||||||59||2680|||||||
602||WARANANAGAR|||||||||59||2676|||||||
603||AASTHA|||||||||59||879|||||||
604||HOSHANGABAD|||||||||59||1743|||||||
606||GONDIA|||||||||59||1812|||||||
608||RAJSAMAND|||||||||59||1014|||||||
609||MORBI|||||||||59||2498|||||||
610||DHROL|||||||||59||347|||||||
611||WANKANER|||||||||59||408|||||||
612||HALVAD|||||||||59||2686|||||||
613||DHRANGADHRA|||||||||59||2687|||||||
614||BHUJ|||||||||59||319|||||||
615||ANJAR|||||||||59||2688|||||||
616||MANDVI KUTCH|||||||||59||2689|||||||
617||MUNDRA|||||||||59||364|||||||
618||BHACHAU|||||||||59||315|||||||
619||KESHOD|||||||||59||2691|||||||
620||GONDAL|||||||||59||2493|||||||
621||JETPUR|||||||||59||2692|||||||
622||UPLETA|||||||||59||396|||||||
623||HARIJ|||||||||59||342|||||||
624||BECHARAJI|||||||||59||2693|||||||
625||BAYAD|||||||||59||2694|||||||
626||SATLASANA|||||||||59||2695|||||||
627||CHITTORGARH|||||||||59||1036|||||||
628||KALMESHWAR|||||||||59||2696|||||||
629||ANNANAGAR|||||||||59||14|||||||
630||TAMBRAM|||||||||59||14|||||||
631||SIRUGUPPA|||||||||59||2697|||||||
632||KOPPAL|||||||||59||710|||||||
633||GANGAVATHI|||||||||59||2698|||||||
634||SANDUR|||||||||59||2699|||||||
635||GAURIBIDANUR|||||||||59||667|||||||
636||TIPTUR|||||||||59||777|||||||
637||MANVI|||||||||59||733|||||||
638||DEVADURGA|||||||||59||661|||||||
639||BIDAR|||||||||59||639|||||||
640||KOLAR|||||||||59||706|||||||
641||BHALKI|||||||||59||637|||||||
642||BASAVAKALYAN|||||||||59||632|||||||
643||HUMNABAD|||||||||59||2700|||||||
644||CHINTAMANI|||||||||59||656|||||||
645||CHIKKABALLAPUR|||||||||59||2701|||||||
646||KOLAR GOLD FIELD|||||||||59||2702|||||||
647||MALUR|||||||||59||730|||||||
648||RAMANAGARA|||||||||59||2703|||||||
649||CHANNAPATNA|||||||||59||2704|||||||
650||ARSIKERE|||||||||59||621|||||||
651||SAKLESHPUR|||||||||59||755|||||||
652||CHANNARAYAPATNA|||||||||59||648|||||||
653||HIRIYUR|||||||||59||682|||||||
654||CHALLAKERE|||||||||59||645|||||||
655||HOSADURGA|||||||||59||687|||||||
656||INDI|||||||||59||693|||||||
657||SINDGI|||||||||59||765|||||||
658||ATHANI|||||||||59||2705|||||||
659||MUDDEBIHAL|||||||||59||734|||||||
660||MUDHOL|||||||||59||736|||||||
661||ILKAL|||||||||59||2706|||||||
662||SURENDRANAGAR|||||||||59||388|||||||
663||THANGADH|||||||||59||391|||||||
664||LIMBDI|||||||||59||357|||||||
665||JASDAN|||||||||59||2708|||||||
666||SAVARKUNDLA|||||||||59||383|||||||
667||BAGASARA|||||||||59||2709|||||||
668||DHOLKA|||||||||59||2641|||||||
669||OSMANABAD|||||||||59||1930|||||||
670||KARAMALA|||||||||59||2710|||||||
671||TULJAPUR|||||||||59||1984|||||||
672||KALAMB|||||||||59||1881|||||||
673||RASHBEHARI|||||||||59||15|||||||
674||TENALI|||||||||59||2449|||||||
675||VADAKARA|||||||||59||848|||||||
676||NAMAKKAL|||||||||59||2381|||||||
677||KALKA|||||||||59||2319|||||||
678||RAJPURA|||||||||59||911|||||||
679||KAPURTHALA|||||||||59||2160|||||||
680||DEWAS|||||||||59||1725|||||||
681||MACHILIPATNAM|||||||||59||2711|||||||
682||THIRUVALLA|||||||||59||832|||||||
683||ALAPPUZHA|||||||||59||791|||||||
684||DHARAPURAM|||||||||59||2713|||||||
685||ROPAR|||||||||59||2578|||||||
686||NABHA|||||||||59||2714|||||||
687||JALPAIGURI|||||||||59||2254|||||||
688||CHITTARANJAN|||||||||59||2715|||||||
689||KARUNAGAPPALLY|||||||||59||2717|||||||
690||BOLPUR|||||||||59||2718|||||||
691||RANAGHAT|||||||||59||2716|||||||
692||HALDIA|||||||||59||2248|||||||
693||UDUMALPET|||||||||59||2719|||||||
694||RANIGANJ|||||||||59||2571|||||||
695||DARJEELING|||||||||59||2464|||||||
696||BHADOI|||||||||59||1661|||||||
697||IRITTY|||||||||59||796|||||||
698||PAYYANNUR|||||||||59||796|||||||
699||KOVILPATTI|||||||||59||2447|||||||
700||SIVAGANGAI|||||||||59||1308|||||||
701||GUDUR|||||||||59||40|||||||
702||JIND|||||||||59||455|||||||
703||KATHUA|||||||||59||519|||||||
704||KATRA|||||||||59||519|||||||
705||KUTRA|||||||||59||2115|||||||
708||RAJGANGAPUR|||||||||59||2115|||||||
709||SUNDARGARH|||||||||59||2115|||||||
710||NAIDUPETA|||||||||59||2840|||||||
711||BURHANPUR|||||||||59||2721|||||||
712||KHARGONE|||||||||59||1755|||||||
713||JAORA|||||||||59||2722|||||||
714||PIPARIYA|||||||||59||2723|||||||
715||SEONI MALWA|||||||||59||1811|||||||
716||BASODA|||||||||59||2724|||||||
717||RAISEN|||||||||59||1793|||||||
718||ASHOK NAGAR|||||||||59||864|||||||
719||SEHORE|||||||||59||1808|||||||
720||ASHTA|||||||||59||2725|||||||
721||SHUJALPUR|||||||||59||2726|||||||
722||SATNA|||||||||59||1804|||||||
723||KATNI|||||||||59||1753|||||||
724||MAIHAR|||||||||59||2727|||||||
725||UMARIA|||||||||59||2720|||||||
726||CHHINDWARA|||||||||59||1718|||||||
727||PARASIA|||||||||59||2728|||||||
728||SEONI|||||||||59||1810|||||||
729||BETUL|||||||||59||874|||||||
730||MULTAI|||||||||59||2729|||||||
731||DIGRAS|||||||||59||1858|||||||
732||NER|||||||||59||2731|||||||
733||AMGAON|||||||||59||2732|||||||
734||RATNAGIRI|||||||||59||1955|||||||
735||KUMTA|||||||||59||2423|||||||
736||NIPANI|||||||||59||2733|||||||
737||GADHINGLAJ|||||||||59||2734|||||||
738||SULLIA|||||||||59||2457|||||||
739||MADIKERI|||||||||59||726|||||||
740||HAVERI|||||||||59||678|||||||
741||RANEBENNUR|||||||||59||2735|||||||
742||HARIHAR|||||||||59||676|||||||
743||B C ROAD|||||||||59||2736|||||||
744||TORANAGALLU|||||||||59||2737|||||||
745||BHARATPUR|||||||||59||1339|||||||
746||GANGAPUR|||||||||59||2211|||||||
747||GODHARA|||||||||59||2376|||||||
748||CHENGALPET|||||||||59||14|||||||
749||BAHADURGARH|||||||||59||11|||||||
750||BHIWADI|||||||||59||11|||||||
751||VIRUDHUNAGAR|||||||||59||1319|||||||
753||PUDUKOTTAI|||||||||59||1287|||||||
754||MALAPPURAM|||||||||59||16|||||||
755||RISHIKESH|||||||||59||1682|||||||
756||PATTUKOTTAI|||||||||59||1287|||||||
757||AMALAPURAM|||||||||59||2847|||||||
758||MANNARGUDI|||||||||59||1276|||||||
759||ARIAYALUR|||||||||59||1287|||||||
760||KOSAMBA|||||||||59||2738|||||||
761||SONGADH|||||||||59||386|||||||
762||DARWHA|||||||||59||1852|||||||
763||HAZARIBAG|||||||||59||572|||||||
764||BHIWANI|||||||||59||414|||||||
765||PALAKAD|||||||||59||827|||||||
766||DEOGHAR|||||||||59||561|||||||
767||ICHALKARANJI|||||||||59||1892|||||||
768||BATALA|||||||||59||2152|||||||
769||JAJPUR ROAD|||||||||59||2065|||||||
770||KHANNA|||||||||59||2441|||||||
771||GURDASPUR|||||||||59||2152|||||||
772||KOTTAKKAL|||||||||59||1278|||||||
773||TIRUR|||||||||59||1278|||||||
774||SOLAN|||||||||59||500|||||||
776||RAVATBHATA|||||||||59||955|||||||
777||THENI|||||||||59||1278|||||||
778||BADAMI|||||||||59||623|||||||
779||URVAKONDA|||||||||59||2739|||||||
780||RAYADURG|||||||||59||72|||||||
781||ZAHIRABAD|||||||||59||2741|||||||
782||CHANNAGIRI|||||||||59||647|||||||
783||BAILHONGAL|||||||||59||2743|||||||
784||HOLENARASIPUR|||||||||59||2742|||||||
785||BELUR|||||||||59||636|||||||
786||HAGARIBOMMANAHALLI|||||||||59||673|||||||
787||ANKOLA|||||||||59||2746|||||||
788||HONAWAR|||||||||59||2771|||||||
789||MULBAGAL|||||||||59||738|||||||
790||KOLLEGAL|||||||||59||707|||||||
791||KRISHNARAJPET|||||||||59||714|||||||
792||BELTHANGADY|||||||||59||2744|||||||
793||MOODBIDRI|||||||||59||2745|||||||
794||SIRVAR|||||||||59||2740|||||||
795||YADGIR|||||||||59||787|||||||
796||SIRA|||||||||59||767|||||||
797||MADHUGIRI|||||||||59||725|||||||
798||DODDABALLAPUR|||||||||59||2772|||||||
799||SIHORA|||||||||59||2768|||||||
800||SANAVAD|||||||||59||2766|||||||
801||BADNAGAR|||||||||59||2769|||||||
802||NAGDA|||||||||59||2770|||||||
803||SIRMOUR|||||||||59||2767|||||||
804||JALGAON JAMOD|||||||||59||2759|||||||
805||NATEPUTE|||||||||59||2748|||||||
806||BHIGWAN|||||||||59||2749|||||||
807||PAVANI|||||||||59||2762|||||||
808||SAKOLI|||||||||59||2433|||||||
809||KHULDABAD|||||||||59||1889|||||||
810||SHRINAGARTALI|||||||||59||2754|||||||
811||UNDRI|||||||||59||2756|||||||
812||VAIJAPUR|||||||||59||1990|||||||
813||LONI BK|||||||||59||2747|||||||
814||MURUD|||||||||59||1919|||||||
815||CHAKUR|||||||||59||2764|||||||
816||TEMBHURNI|||||||||59||2750|||||||
817||MHASVAD|||||||||59||2751|||||||
818||MANGAON|||||||||59||2755|||||||
819||DINDORI MH|||||||||59||2752|||||||
820||GHOTI|||||||||59||2753|||||||
821||CHIMUR|||||||||59||2763|||||||
822||ASHTI|||||||||59||2760|||||||
823||CHANDUR RAILWAY|||||||||59||2761|||||||
824||KALAMNURI|||||||||59||2757|||||||
825||MANGRULPIR|||||||||59||2758|||||||
826||ARNI|||||||||59||2765|||||||
827||BASMAT|||||||||59||2773|||||||
828||RAGHOGARH|||||||||59||2774|||||||
829||SHINDKHEDA|||||||||59||2776|||||||
831||PERNEM|||||||||59||2476|||||||
832||BICHOLIM|||||||||59||2476|||||||
833||SAWANTWADI|||||||||59||2476|||||||
834||BARDEZ|||||||||59||2476|||||||
835||VASCO|||||||||59||298|||||||
836||VERNA|||||||||59||298|||||||
837||CANACONA|||||||||59||298|||||||
838||PANJIM|||||||||59||2476|||||||
839||MADKAI|||||||||59||2476|||||||
840||VELHA|||||||||59||2476|||||||
841||PONDA|||||||||59||2476|||||||
842||FATEHPUR RJ|||||||||59||2778|||||||
843||CHOMU|||||||||59||2779|||||||
844||BUNDI|||||||||59||949|||||||
845||DEOLI|||||||||59||958|||||||
846||KUCHAMAN|||||||||59||2780|||||||
847||BEAWAR|||||||||59||2781|||||||
848||CHURU|||||||||59||956|||||||
849||JHUNJHUNU|||||||||59||973|||||||
850||SURATGARH|||||||||59||1031|||||||
851||SUJANGARH|||||||||59||2782|||||||
852||DIDWANA|||||||||59||961|||||||
853||LADNUN|||||||||59||2783|||||||
854||RATANGARH|||||||||59||1016|||||||
855||NOKHA|||||||||59||2784|||||||
856||KHAIRTHAL|||||||||59||982|||||||
857||KISHANGARH BAS|||||||||59||2785|||||||
858||NIMBAHERA|||||||||59||1004|||||||
859||PARTAPUR|||||||||59||2786|||||||
860||SAGWARA|||||||||59||1020|||||||
861||RAWATSAR|||||||||59||2787|||||||
862||PILIBANGA|||||||||59||1007|||||||
863||SHAHDOL|||||||||59||1812|||||||
864||BEOHARI|||||||||59||2788|||||||
865||ANUPPUR|||||||||59||2789|||||||
866||KOTMA|||||||||59||2790|||||||
867||BURHAR|||||||||59||2791|||||||
868||LONAVALA|||||||||59||2792|||||||
869||GADAG|||||||||59||665|||||||
870||BRAHMAVAR|||||||||59||2794|||||||
871||MADDUR|||||||||59||724|||||||
872||KEKRI|||||||||59||928|||||||
873||SRI VIJAINAGAR|||||||||59||928|||||||
874||MAVELIKKAR|||||||||59||791|||||||
875||CHENGANNUR|||||||||59||791|||||||
877||KAYAMKULAM|||||||||59||791|||||||
878||TADIPATRI|||||||||59||2843|||||||
880||DHAMDA|||||||||59||2374|||||||
881||GIRIDIH|||||||||59||561|||||||
882||DUMKA|||||||||59||561|||||||
883||REPALLE|||||||||59||44|||||||
884||BAPATLA|||||||||59||44|||||||
885||KODERMA|||||||||59||572|||||||
886||CHATRA|||||||||59||572|||||||
887||RAMGARH|||||||||59||572|||||||
888||ANAPARTHI|||||||||59||38|||||||
889||KULITHALAI|||||||||59||1276|||||||
890||YAMUNANAGAR|||||||||59||446|||||||
891||MANNARKKAD|||||||||59||827|||||||
892||PATTAMBI|||||||||59||827|||||||
893||NANDYALA|||||||||59||58|||||||
894||PANDHALAM|||||||||59||811|||||||
895||ADOOR|||||||||59||811|||||||
896||SURYAPET|||||||||59||56|||||||
897||ARAVAKURUCHHI|||||||||59||1276|||||||
898||MUSURI|||||||||59||1276|||||||
899||BINA|||||||||59||1799|||||||
900||BOISAR|||||||||59||399|||||||
901||CHALISSERY|||||||||59||844|||||||
902||DAHANU|||||||||59||399|||||||
903||DAMOH|||||||||59||1799|||||||
904||EDAPPAL|||||||||59||844|||||||
905||JAGGAYYAPETA|||||||||59||2307|||||||
906||TUNI|||||||||59||2845|||||||
907||TANUKU|||||||||59||2849|||||||
908||TADEPALLIGUDEM|||||||||59||38|||||||
909||SURANDAI|||||||||59||1272|||||||
910||SANKARANKOVIL|||||||||59||1288|||||||
911||PONNANI|||||||||59||844|||||||
912||PARWANOO|||||||||59||500|||||||
913||PALGHAR|||||||||59||399|||||||
914||NOHAR|||||||||59||965|||||||
915||NAGAPATTINAM|||||||||59||1191|||||||
916||MAYILADUTHURAI|||||||||59||1276|||||||
917||KAMBAM|||||||||59||1278|||||||
918||JANGAM|||||||||59||84|||||||
919||SAGARA|||||||||59||761|||||||
920||SRINIVASPUR|||||||||59||771|||||||
921||VIJAYAPURA|||||||||59||785|||||||
922||DEVANAHALLI|||||||||59||2795|||||||
923||TALIKOTI|||||||||59||2796|||||||
924||BILAGI|||||||||59||2797|||||||
925||KUSHTAGI|||||||||59||720|||||||
926||CHALALA|||||||||59||323|||||||
927||JANJGIR|||||||||59||2374|||||||
928||PALVONCHA|||||||||59||56|||||||
929||MADHIRA|||||||||59||56|||||||
930||JAITPUR|||||||||59||374|||||||
931||THAN|||||||||59||374|||||||
932||SIVAGANGAJ|||||||||59||1308|||||||
933||WAYANAD|||||||||59||2568|||||||
934||DHARMABAD|||||||||59||1923|||||||
935||NARAINGARH|||||||||59||409|||||||
936||DEGLUR|||||||||59||1923|||||||
937||KAVALI|||||||||59||2853|||||||
938||AARA|||||||||59||225|||||||
939||MUZAFFARPUR|||||||||59||225|||||||
940||GAYA|||||||||59||225|||||||
941||SHAHAPUR|||||||||59||2811|||||||
942||SILVASSA|||||||||59||2812|||||||
943||BYNDOOR|||||||||59||2798|||||||
944||SIDDAPUR|||||||||59||764|||||||
945||SAIDAPUR|||||||||59||2799|||||||
946||LAXMESHWAR|||||||||59||721|||||||
947||NASRULLAGANJ|||||||||59||2801|||||||
948||AMARPATAN|||||||||59||2802|||||||
949||DEVENDRANAGAR|||||||||59||2803|||||||
950||MAUGANJ|||||||||59||1772|||||||
951||MANGAWAN|||||||||59||1769|||||||
952||KYMORE|||||||||59||2804|||||||
953||PANNA|||||||||59||1789|||||||
954||NOWGONG|||||||||59||2805|||||||
955||RAJNAGAR|||||||||59||1794|||||||
957||MALHARGARH|||||||||59||2807|||||||
958||SARNI|||||||||59||1803|||||||
959||TIRORA|||||||||59||1982|||||||
961||BABRA|||||||||59||2810|||||||
962||PRANTIJ|||||||||59||2809|||||||
963||AMBUR|||||||||59||1054|||||||
964||TIRUCHENGODE|||||||||59||2815|||||||
965||UDHAGAMANDALAM|||||||||59||1294|||||||
966||PALANI|||||||||59||2821|||||||
967||TENKASI|||||||||59||2823|||||||
968||PUDUKKOTTAI|||||||||59||1244|||||||
969||VIRUDHACHALAM|||||||||59||2827|||||||
970||TIRUVANNAMALAI|||||||||59||1290|||||||
971||GUNTAKAL|||||||||59||16|||||||
972||SIVAGANGA|||||||||59||1266|||||||
973||VILLUPURAM|||||||||59||1318|||||||
974||THODUPUZHA|||||||||59||16|||||||
975||PALI MP|||||||||59||1269|||||||
976||RANIPET|||||||||59||2813|||||||
977||GUDIYATTAM|||||||||59||2814|||||||
978||KOMARAPALAYAM|||||||||59||2816|||||||
979||SRIPERUMBUDUR|||||||||59||1269|||||||
980||GOBICHETTIPALAYAM|||||||||59||2817|||||||
981||GUDALUR|||||||||59||2819|||||||
982||COONOOR|||||||||59||2820|||||||
983||ODDANCHATRAM|||||||||59||1203|||||||
984||SRIVILLIPUTHUR|||||||||59||2822|||||||
985||AMBASAMUDRAM|||||||||59||2824|||||||
986||ARUPPUKOTTAI|||||||||59||2825|||||||
987||YEMMIGANUR|||||||||59||2829|||||||
988||GOOTY|||||||||59||2831|||||||
989||PATTIKONDA|||||||||59||2832|||||||
990||BIJAPUR KA|||||||||59||2833|||||||
991||MADANAPALLE|||||||||59||2382|||||||
992||BRAHMAPUR TOWN|||||||||59||2218|||||||
993||MAKRANA|||||||||59||995|||||||
994||CHERTHALA|||||||||59||2386|||||||
995||OTTAPPALAM|||||||||59||2431|||||||
996||MUVATTUPUZHA|||||||||59||820|||||||
997||KOTTARAKARA|||||||||59||811|||||||
998||BAGNAN|||||||||59||2213|||||||
999||SEURI|||||||||59||2573|||||||
1000||BARNALA|||||||||59||2127|||||||
1001||CHIRALA|||||||||59||32|||||||
1002||CHALAKUDY|||||||||59||798|||||||
1003||NEVASA|||||||||59||1827|||||||
1004||KADAPA|||||||||59||2509|||||||
1005||SUPA|||||||||59||1827|||||||
1006||BHAVANI|||||||||59||1095|||||||
1007||PENRUDURAI|||||||||59||1095|||||||
1008||SAKTHI|||||||||59||1095|||||||
1009||TIRUVUR|||||||||59||2307|||||||
1010||KHAMBHALIYA|||||||||59||347|||||||
1011||CHINNADHARAPURAM|||||||||59||1128|||||||
1012||THOGAMALAI|||||||||59||1276|||||||
1013||BASIRHAT|||||||||59||15|||||||
1014||DIAMOND HARBOUR|||||||||59||15|||||||
1015||BARA|||||||||59||985|||||||
1016||ERUVADI|||||||||59||2564|||||||
1017||KOLLEMCODE|||||||||59||1125|||||||
1018||URAMBU|||||||||59||1125|||||||
1019||PANACHAMOODU|||||||||59||1125|||||||
1020||MAHASAMUND|||||||||59||2186|||||||
1021||PILERU|||||||||59||2357|||||||
1022||THISAINVILAI|||||||||59||1288|||||||
1023||JAMMIKUNTA|||||||||59||84|||||||
1024||THORUR|||||||||59||84|||||||
1025||ASIND|||||||||59||944|||||||
1026||ANTA|||||||||59||2834|||||||
1027||PATAN RJ|||||||||59||2835|||||||
1104||JHAJJAR|||||||||59||11|||||||
1105||NAVI MUMBAI|||||||||59||12|||||||
1106||PANVEL|||||||||59||12|||||||
1122||RAMAGUNDAM|||||||||59||55|||||||
1123||SHILLONG|||||||||59||2021|||||||
1124||KOCH BIHAR|||||||||59||2265|||||||
1125||NARASARAOPET|||||||||59||44|||||||
1126||CHANGANASSERY|||||||||59||797|||||||
1127||KOTHAMANGALAM|||||||||59||16|||||||
1128||KONDOTTY|||||||||59||816|||||||
1129||MENJERI|||||||||59||816|||||||
1130||THALASSERY|||||||||59||841|||||||
1131||ARAMBAGH|||||||||59||2311|||||||
1132||BONGAON|||||||||59||2209|||||||
1133||RAIGANJ|||||||||59||2288|||||||
1150||CHANASMA|||||||||59||325|||||||
1156||KASIBUGGA|||||||||59||2340|||||||
1157||PARVATHIPURAM|||||||||59||2837|||||||
1159||PALAKOLLU|||||||||59||2340|||||||
1160||PRODDATUR|||||||||59||2841|||||||
1161||RAYACHOTI|||||||||59||2850|||||||
1162||DAHANU MH|||||||||59||1851|||||||
1163||SIROHI|||||||||59||1029|||||||
1164||ABU ROAD|||||||||59||2858|||||||
1165||KOTPUTLI|||||||||59||986|||||||
1166||NARASINGHPUR|||||||||59||1781|||||||
1167||BALAGHAT|||||||||59||856|||||||
1168||JALORE|||||||||59||971|||||||
1169||SOMPETA|||||||||59||75|||||||
1170||BOBBILI|||||||||59||2838|||||||
1171||TAGARAPUVALASA|||||||||59||2839|||||||
1172||NARSAPUR|||||||||59||64|||||||
1173||BADVEL|||||||||59||2842|||||||
1174||DHARMAVARAM|||||||||59||36|||||||
1175||SAMALKOTA|||||||||59||2846|||||||
1176||YANAM|||||||||59||2121|||||||
1177||KADIRI|||||||||59||51|||||||
1178||PULIVENDLA|||||||||59||2852|||||||
1179||KARELI|||||||||59||1750|||||||
1180||GADARWARA|||||||||59|||||||||
1181||SHRIDHAM|||||||||59||1781|||||||
1182||SENDHWA|||||||||59||1809|||||||
1183||BARWANI|||||||||59||872|||||||
1214||LUNAVADA|||||||||59||2865|||||||
1215||KAMSHET|||||||||59||2866|||||||
1216||KHALAPUR|||||||||59||2867|||||||
1217||MOHOPADA|||||||||59||2868|||||||
1220||NELAMBOOR|||||||||59||816|||||||
1221||SINGRAULI|||||||||59||1815|||||||
1222||RUDRAPUR|||||||||59||2195|||||||
1223||RANGAREDDY|||||||||59||62|||||||
1224||CHILAKALURIPET|||||||||59||44|||||||
1225||KOTHAGUDEM|||||||||59||56|||||||
1226||MIRYALAGUDA|||||||||59||63|||||||
1227||SHAHBAD MARKANDA|||||||||59||461|||||||
1228||QUILANDY|||||||||59||837|||||||
1229||KANHANGAD|||||||||59||808|||||||
1230||MOONNIYUR|||||||||59||816|||||||
1232||TALIPARAMBA|||||||||59||796|||||||
1233||PITHAMPUR|||||||||59||1727|||||||
1235||NABADWIP|||||||||59||2429|||||||
1253||BOTAD|||||||||59||317|||||||
1254||DERA BASSI|||||||||59||904|||||||
1255||CHAIBASA|||||||||59||598|||||||
1256||MUKTSAR|||||||||59||2145|||||||
1257||HALDWANI|||||||||59||2171|||||||
1258||MECHEDA|||||||||59||2276|||||||
1259||CHAMPA|||||||||59||253|||||||
1260||KODAIKANAL|||||||||59||1090|||||||
1261||BATLAGUNDU|||||||||59||1090|||||||
1262||RAMPURHAT|||||||||59||2301|||||||
1349||MUKUTBAN|||||||||59||2872|||||||
1350||MOUDA|||||||||59||2873|||||||
1351||SIRSI|||||||||59||1636|||||||
1352||GAJENDRAGARH|||||||||59||2869|||||||
1353||RON|||||||||59||754|||||||
1354||SAUSAR|||||||||59||1806|||||||
1355||CHAURAI|||||||||59||2870|||||||
1356||MANASA|||||||||59||1763|||||||
1357||MUNDI|||||||||59||1778|||||||
1358||BILKISGANJ|||||||||59||2871|||||||
1359||VANIYAMBADI|||||||||59||1301|||||||
1360||PERNAMBUT|||||||||59||2884|||||||
1362||TIRUKKOYILUR|||||||||59||2886|||||||
1363||GINGEE|||||||||59||1099|||||||
1364||KALAYAR KOVIL|||||||||59||2889|||||||
1365||DEVAKOTTAI|||||||||59||2890|||||||
1366||MADATHUKULAM|||||||||59||1162|||||||
1367||SADULSHAHAR|||||||||59||1019|||||||
1368||ARANTHANGI|||||||||59||2893|||||||
1369||RASIPURAM|||||||||59||1252|||||||
1371||GULABPURA|||||||||59||966|||||||
1372||SANGARIYA|||||||||59||2875|||||||
1373||SANCHORE|||||||||59||1022|||||||
1374||TARANAGAR|||||||||59||1033|||||||
1376||BALI|||||||||59||2877|||||||
1377||NAWALGARH|||||||||59||2879|||||||
1378||MASUDA|||||||||59||2880|||||||
1379||CHHABRA|||||||||59||952|||||||
1381||PARBATSAR|||||||||59||2881|||||||
